# Job started on: Wed Aug 30 11:54:55 CEST 2023 .
# FONLL heavy quark hadroproduction cross section, calculated on Wed Aug 30 11:55:01 CEST 2023
# FONLL version and perturbative order: ## FONLL v1.3.2 fonll [ds/dpt^2dy (pb/GeV^2)]
# quark = charm
# final state = quark
# ebeam1 = 2750, ebeam2 = 2750
# PDF set = CTEQ6.6
# ptmin = 0
# ptmax = 20
# ymin  = -1
# ymax  = 1
# no uncertainties from PDFs
# cross section is ds/dpt (pb/GeV)
# pt      central
   0.0000 0.0000e+00
   0.0501 1.1062e+07
   0.1003 2.2597e+07
   0.1504 3.3822e+07
   0.2005 4.4748e+07
   0.2506 5.5468e+07
   0.3008 6.6090e+07
   0.3509 7.6690e+07
   0.4010 8.7340e+07
   0.4511 9.8083e+07
   0.5013 1.0894e+08
   0.5514 1.1991e+08
   0.6015 1.3100e+08
   0.6516 1.4221e+08
   0.7018 1.5350e+08
   0.7519 1.6483e+08
   0.8020 1.7636e+08
   0.8521 1.8809e+08
   0.9023 1.9984e+08
   0.9524 2.1144e+08
   1.0025 2.2276e+08
   1.0526 2.3375e+08
   1.1028 2.4430e+08
   1.1529 2.5428e+08
   1.2030 2.6360e+08
   1.2531 2.7220e+08
   1.3033 2.7997e+08
   1.3534 2.8684e+08
   1.4035 2.9281e+08
   1.4536 2.9788e+08
   1.5038 3.0207e+08
   1.5539 3.0531e+08
   1.6040 3.0760e+08
   1.6541 3.0900e+08
   1.7043 3.0960e+08
   1.7544 3.0944e+08
   1.8045 3.0853e+08
   1.8546 3.0690e+08
   1.9048 3.0461e+08
   1.9549 3.0174e+08
   2.0050 2.9835e+08
   2.0551 2.9450e+08
   2.1053 2.9024e+08
   2.1554 2.8562e+08
   2.2055 2.8071e+08
   2.2556 2.7553e+08
   2.3058 2.7013e+08
   2.3559 2.6455e+08
   2.4060 2.5882e+08
   2.4561 2.5297e+08
   2.5063 2.4703e+08
   2.5564 2.4105e+08
   2.6065 2.3505e+08
   2.6566 2.2905e+08
   2.7068 2.2307e+08
   2.7569 2.1712e+08
   2.8070 2.1122e+08
   2.8571 2.0539e+08
   2.9073 1.9964e+08
   2.9574 1.9397e+08
   3.0075 1.8840e+08
   3.0576 1.8292e+08
   3.1078 1.7757e+08
   3.1579 1.7233e+08
   3.2080 1.6721e+08
   3.2581 1.6221e+08
   3.3083 1.5733e+08
   3.3584 1.5258e+08
   3.4085 1.4795e+08
   3.4586 1.4344e+08
   3.5088 1.3906e+08
   3.5589 1.3479e+08
   3.6090 1.3064e+08
   3.6591 1.2662e+08
   3.7093 1.2270e+08
   3.7594 1.1890e+08
   3.8095 1.1521e+08
   3.8596 1.1164e+08
   3.9098 1.0816e+08
   3.9599 1.0480e+08
   4.0100 1.0154e+08
   4.0602 9.8377e+07
   4.1103 9.5313e+07
   4.1604 9.2344e+07
   4.2105 8.9468e+07
   4.2607 8.6682e+07
   4.3108 8.3984e+07
   4.3609 8.1370e+07
   4.4110 7.8839e+07
   4.4612 7.6388e+07
   4.5113 7.4017e+07
   4.5614 7.1723e+07
   4.6115 6.9505e+07
   4.6617 6.7361e+07
   4.7118 6.5286e+07
   4.7619 6.3281e+07
   4.8120 6.1342e+07
   4.8622 5.9467e+07
   4.9123 5.7655e+07
   4.9624 5.5902e+07
   5.0125 5.4208e+07
   5.0627 5.2570e+07
   5.1128 5.0987e+07
   5.1629 4.9456e+07
   5.2130 4.7976e+07
   5.2632 4.6545e+07
   5.3133 4.5161e+07
   5.3634 4.3824e+07
   5.4135 4.2530e+07
   5.4637 4.1280e+07
   5.5138 4.0073e+07
   5.5639 3.8906e+07
   5.6140 3.7777e+07
   5.6642 3.6687e+07
   5.7143 3.5632e+07
   5.7644 3.4612e+07
   5.8145 3.3626e+07
   5.8647 3.2672e+07
   5.9148 3.1749e+07
   5.9649 3.0856e+07
   6.0150 2.9992e+07
   6.0652 2.9155e+07
   6.1153 2.8345e+07
   6.1654 2.7561e+07
   6.2155 2.6802e+07
   6.2657 2.6066e+07
   6.3158 2.5354e+07
   6.3659 2.4664e+07
   6.4160 2.3996e+07
   6.4662 2.3348e+07
   6.5163 2.2720e+07
   6.5664 2.2112e+07
   6.6165 2.1522e+07
   6.6667 2.0950e+07
   6.7168 2.0396e+07
   6.7669 1.9858e+07
   6.8170 1.9336e+07
   6.8672 1.8830e+07
   6.9173 1.8339e+07
   6.9674 1.7863e+07
   7.0175 1.7401e+07
   7.0677 1.6952e+07
   7.1178 1.6517e+07
   7.1679 1.6095e+07
   7.2180 1.5685e+07
   7.2682 1.5287e+07
   7.3183 1.4900e+07
   7.3684 1.4525e+07
   7.4185 1.4161e+07
   7.4687 1.3807e+07
   7.5188 1.3463e+07
   7.5689 1.3129e+07
   7.6190 1.2805e+07
   7.6692 1.2490e+07
   7.7193 1.2184e+07
   7.7694 1.1886e+07
   7.8195 1.1597e+07
   7.8697 1.1316e+07
   7.9198 1.1044e+07
   7.9699 1.0778e+07
   8.0201 1.0520e+07
   8.0702 1.0270e+07
   8.1203 1.0026e+07
   8.1704 9.7884e+06
   8.2206 9.5577e+06
   8.2707 9.3333e+06
   8.3208 9.1150e+06
   8.3709 8.9026e+06
   8.4211 8.6960e+06
   8.4712 8.4949e+06
   8.5213 8.2991e+06
   8.5714 8.1086e+06
   8.6216 7.9232e+06
   8.6717 7.7426e+06
   8.7218 7.5669e+06
   8.7719 7.3957e+06
   8.8221 7.2290e+06
   8.8722 7.0667e+06
   8.9223 6.9086e+06
   8.9724 6.7546e+06
   9.0226 6.6046e+06
   9.0727 6.4584e+06
   9.1228 6.3160e+06
   9.1729 6.1773e+06
   9.2231 6.0420e+06
   9.2732 5.9102e+06
   9.3233 5.7818e+06
   9.3734 5.6566e+06
   9.4236 5.5345e+06
   9.4737 5.4155e+06
   9.5238 5.2994e+06
   9.5739 5.1863e+06
   9.6241 5.0759e+06
   9.6742 4.9683e+06
   9.7243 4.8634e+06
   9.7744 4.7610e+06
   9.8246 4.6611e+06
   9.8747 4.5637e+06
   9.9248 4.4686e+06
   9.9749 4.3759e+06
  10.0251 4.2854e+06
  10.0752 4.1971e+06
  10.1253 4.1109e+06
  10.1754 4.0267e+06
  10.2256 3.9446e+06
  10.2757 3.8644e+06
  10.3258 3.7862e+06
  10.3759 3.7097e+06
  10.4261 3.6351e+06
  10.4762 3.5622e+06
  10.5263 3.4910e+06
  10.5764 3.4215e+06
  10.6266 3.3536e+06
  10.6767 3.2873e+06
  10.7268 3.2225e+06
  10.7769 3.1591e+06
  10.8271 3.0973e+06
  10.8772 3.0368e+06
  10.9273 2.9777e+06
  10.9774 2.9200e+06
  11.0276 2.8636e+06
  11.0777 2.8084e+06
  11.1278 2.7544e+06
  11.1779 2.7017e+06
  11.2281 2.6502e+06
  11.2782 2.5998e+06
  11.3283 2.5505e+06
  11.3784 2.5023e+06
  11.4286 2.4552e+06
  11.4787 2.4090e+06
  11.5288 2.3640e+06
  11.5789 2.3198e+06
  11.6291 2.2767e+06
  11.6792 2.2345e+06
  11.7293 2.1932e+06
  11.7794 2.1528e+06
  11.8296 2.1132e+06
  11.8797 2.0746e+06
  11.9298 2.0367e+06
  11.9799 1.9996e+06
  12.0301 1.9634e+06
  12.0802 1.9279e+06
  12.1303 1.8931e+06
  12.1805 1.8591e+06
  12.2306 1.8258e+06
  12.2807 1.7932e+06
  12.3308 1.7613e+06
  12.3810 1.7301e+06
  12.4311 1.6995e+06
  12.4812 1.6696e+06
  12.5313 1.6402e+06
  12.5815 1.6115e+06
  12.6316 1.5833e+06
  12.6817 1.5558e+06
  12.7318 1.5287e+06
  12.7820 1.5023e+06
  12.8321 1.4764e+06
  12.8822 1.4510e+06
  12.9323 1.4261e+06
  12.9825 1.4017e+06
  13.0326 1.3778e+06
  13.0827 1.3544e+06
  13.1328 1.3314e+06
  13.1830 1.3089e+06
  13.2331 1.2868e+06
  13.2832 1.2652e+06
  13.3333 1.2440e+06
  13.3835 1.2232e+06
  13.4336 1.2029e+06
  13.4837 1.1829e+06
  13.5338 1.1633e+06
  13.5840 1.1441e+06
  13.6341 1.1252e+06
  13.6842 1.1068e+06
  13.7343 1.0886e+06
  13.7845 1.0709e+06
  13.8346 1.0534e+06
  13.8847 1.0363e+06
  13.9348 1.0196e+06
  13.9850 1.0031e+06
  14.0351 9.8695e+05
  14.0852 9.7110e+05
  14.1353 9.5555e+05
  14.1855 9.4029e+05
  14.2356 9.2532e+05
  14.2857 9.1062e+05
  14.3358 8.9620e+05
  14.3860 8.8204e+05
  14.4361 8.6815e+05
  14.4862 8.5451e+05
  14.5363 8.4112e+05
  14.5865 8.2799e+05
  14.6366 8.1509e+05
  14.6867 8.0243e+05
  14.7368 7.9000e+05
  14.7870 7.7780e+05
  14.8371 7.6581e+05
  14.8872 7.5405e+05
  14.9373 7.4250e+05
  14.9875 7.3115e+05
  15.0376 7.2001e+05
  15.0877 7.0907e+05
  15.1378 6.9833e+05
  15.1880 6.8778e+05
  15.2381 6.7741e+05
  15.2882 6.6723e+05
  15.3383 6.5722e+05
  15.3885 6.4740e+05
  15.4386 6.3774e+05
  15.4887 6.2826e+05
  15.5388 6.1894e+05
  15.5890 6.0978e+05
  15.6391 6.0079e+05
  15.6892 5.9195e+05
  15.7393 5.8326e+05
  15.7895 5.7472e+05
  15.8396 5.6633e+05
  15.8897 5.5808e+05
  15.9398 5.4998e+05
  15.9900 5.4201e+05
  16.0401 5.3418e+05
  16.0902 5.2648e+05
  16.1404 5.1891e+05
  16.1905 5.1147e+05
  16.2406 5.0415e+05
  16.2907 4.9696e+05
  16.3409 4.8988e+05
  16.3910 4.8293e+05
  16.4411 4.7609e+05
  16.4912 4.6937e+05
  16.5414 4.6276e+05
  16.5915 4.5625e+05
  16.6416 4.4986e+05
  16.6917 4.4356e+05
  16.7419 4.3738e+05
  16.7920 4.3129e+05
  16.8421 4.2530e+05
  16.8922 4.1942e+05
  16.9424 4.1362e+05
  16.9925 4.0792e+05
  17.0426 4.0231e+05
  17.0927 3.9680e+05
  17.1429 3.9137e+05
  17.1930 3.8603e+05
  17.2431 3.8077e+05
  17.2932 3.7560e+05
  17.3434 3.7051e+05
  17.3935 3.6550e+05
  17.4436 3.6058e+05
  17.4937 3.5572e+05
  17.5439 3.5095e+05
  17.5940 3.4625e+05
  17.6441 3.4163e+05
  17.6942 3.3708e+05
  17.7444 3.3259e+05
  17.7945 3.2818e+05
  17.8446 3.2384e+05
  17.8947 3.1957e+05
  17.9449 3.1536e+05
  17.9950 3.1121e+05
  18.0451 3.0713e+05
  18.0952 3.0312e+05
  18.1454 2.9916e+05
  18.1955 2.9527e+05
  18.2456 2.9143e+05
  18.2957 2.8766e+05
  18.3459 2.8394e+05
  18.3960 2.8028e+05
  18.4461 2.7667e+05
  18.4962 2.7312e+05
  18.5464 2.6962e+05
  18.5965 2.6617e+05
  18.6466 2.6278e+05
  18.6967 2.5943e+05
  18.7469 2.5614e+05
  18.7970 2.5289e+05
  18.8471 2.4970e+05
  18.8972 2.4655e+05
  18.9474 2.4345e+05
  18.9975 2.4039e+05
  19.0476 2.3738e+05
  19.0977 2.3441e+05
  19.1479 2.3149e+05
  19.1980 2.2861e+05
  19.2481 2.2577e+05
  19.2982 2.2297e+05
  19.3484 2.2021e+05
  19.3985 2.1750e+05
  19.4486 2.1482e+05
  19.4987 2.1218e+05
  19.5489 2.0958e+05
  19.5990 2.0702e+05
  19.6491 2.0449e+05
  19.6992 2.0200e+05
  19.7494 1.9955e+05
  19.7995 1.9713e+05
  19.8496 1.9474e+05
  19.8997 1.9239e+05
  19.9499 1.9007e+05
  20.0000 1.8779e+05