# Job started on: Thu Aug 10 10:51:00 CEST 2023 ...
# FONLL heavy quark hadroproduction cross section, calculated on Thu Aug 10 10:51:30 CEST 2023
# FONLL version and perturbative order: ## FONLL v1.3.4 fonll [ds/dpt^2dy (pb/GeV^2)]
# quark = charm
# final state = quark
# ebeam1 = 6500, ebeam2 = 6500
# PDF set = NNPDF30_nlo_as_0118
# ptmin = 0
# ptmax = 20
# ymin  = -1
# ymax  = 1
# Uncertainties from PDFs combined quadratically
# cross section is ds/dpt (pb/GeV)
# pt      central      min       max       min_sc     max_sc     min_mass   max_mass     min_pdf    max_pdf
   0.0000 0.0000e+00 0.0000e+00 0.0000e+00 0.0000e+00 0.0000e+00 0.0000e+00 0.0000e+00 0.0000e+00 0.0000e+00
   0.2020 4.1168e+07 1.7825e+07 6.4466e+07 0.0000e+00 0.0000e+00 0.0000e+00 0.0000e+00 1.7825e+07 6.4466e+07
   0.4040 8.0817e+07 3.9425e+07 1.2225e+08 0.0000e+00 0.0000e+00 0.0000e+00 0.0000e+00 3.9425e+07 1.2225e+08
   0.6061 1.2340e+08 7.0086e+07 1.7684e+08 0.0000e+00 0.0000e+00 0.0000e+00 0.0000e+00 7.0086e+07 1.7684e+08
   0.8081 1.7053e+08 1.1029e+08 2.3079e+08 0.0000e+00 0.0000e+00 0.0000e+00 0.0000e+00 1.1029e+08 2.3079e+08
   1.0101 2.2380e+08 1.6114e+08 2.8664e+08 0.0000e+00 0.0000e+00 0.0000e+00 0.0000e+00 1.6114e+08 2.8664e+08
   1.2121 2.7629e+08 2.1469e+08 3.3798e+08 0.0000e+00 0.0000e+00 0.0000e+00 0.0000e+00 2.1469e+08 3.3798e+08
   1.4141 3.2040e+08 2.6272e+08 3.7811e+08 0.0000e+00 0.0000e+00 0.0000e+00 0.0000e+00 2.6272e+08 3.7811e+08
   1.6162 3.5072e+08 2.9886e+08 4.0260e+08 0.0000e+00 0.0000e+00 0.0000e+00 0.0000e+00 2.9886e+08 4.0260e+08
   1.8182 3.6571e+08 3.2052e+08 4.1091e+08 0.0000e+00 0.0000e+00 0.0000e+00 0.0000e+00 3.2052e+08 4.1091e+08
   2.0202 3.6679e+08 3.2829e+08 4.0529e+08 0.0000e+00 0.0000e+00 0.0000e+00 0.0000e+00 3.2829e+08 4.0529e+08
   2.2222 3.5693e+08 3.2460e+08 3.8924e+08 0.0000e+00 0.0000e+00 0.0000e+00 0.0000e+00 3.2460e+08 3.8924e+08
   2.4242 3.3955e+08 3.1266e+08 3.6638e+08 0.0000e+00 0.0000e+00 0.0000e+00 0.0000e+00 3.1266e+08 3.6638e+08
   2.6263 3.1747e+08 2.9522e+08 3.3969e+08 0.0000e+00 0.0000e+00 0.0000e+00 0.0000e+00 2.9522e+08 3.3969e+08
   2.8283 2.9313e+08 2.7474e+08 3.1148e+08 0.0000e+00 0.0000e+00 0.0000e+00 0.0000e+00 2.7474e+08 3.1148e+08
   3.0303 2.6813e+08 2.5293e+08 2.8332e+08 0.0000e+00 0.0000e+00 0.0000e+00 0.0000e+00 2.5293e+08 2.8332e+08
   3.2323 2.4367e+08 2.3107e+08 2.5626e+08 0.0000e+00 0.0000e+00 0.0000e+00 0.0000e+00 2.3107e+08 2.5626e+08
   3.4343 2.2040e+08 2.0993e+08 2.3087e+08 0.0000e+00 0.0000e+00 0.0000e+00 0.0000e+00 2.0993e+08 2.3087e+08
   3.6364 1.9863e+08 1.8987e+08 2.0738e+08 0.0000e+00 0.0000e+00 0.0000e+00 0.0000e+00 1.8987e+08 2.0738e+08
   3.8384 1.7844e+08 1.7109e+08 1.8579e+08 0.0000e+00 0.0000e+00 0.0000e+00 0.0000e+00 1.7109e+08 1.8579e+08
   4.0404 1.5991e+08 1.5372e+08 1.6610e+08 0.0000e+00 0.0000e+00 0.0000e+00 0.0000e+00 1.5372e+08 1.6610e+08
   4.2424 1.4307e+08 1.3783e+08 1.4830e+08 0.0000e+00 0.0000e+00 0.0000e+00 0.0000e+00 1.3783e+08 1.4830e+08
   4.4444 1.2785e+08 1.2340e+08 1.3231e+08 0.0000e+00 0.0000e+00 0.0000e+00 0.0000e+00 1.2340e+08 1.3231e+08
   4.6465 1.1431e+08 1.1050e+08 1.1812e+08 0.0000e+00 0.0000e+00 0.0000e+00 0.0000e+00 1.1050e+08 1.1812e+08
   4.8485 1.0237e+08 9.9095e+07 1.0565e+08 0.0000e+00 0.0000e+00 0.0000e+00 0.0000e+00 9.9095e+07 1.0565e+08
   5.0505 9.1805e+07 8.8976e+07 9.4635e+07 0.0000e+00 0.0000e+00 0.0000e+00 0.0000e+00 8.8976e+07 9.4635e+07
   5.2525 8.2423e+07 7.9967e+07 8.4879e+07 0.0000e+00 0.0000e+00 0.0000e+00 0.0000e+00 7.9967e+07 8.4879e+07
   5.4545 7.4069e+07 7.1926e+07 7.6212e+07 0.0000e+00 0.0000e+00 0.0000e+00 0.0000e+00 7.1926e+07 7.6212e+07
   5.6566 6.6644e+07 6.4766e+07 6.8522e+07 0.0000e+00 0.0000e+00 0.0000e+00 0.0000e+00 6.4766e+07 6.8522e+07
   5.8586 6.0050e+07 5.8398e+07 6.1703e+07 0.0000e+00 0.0000e+00 0.0000e+00 0.0000e+00 5.8398e+07 6.1703e+07
   6.0606 5.4188e+07 5.2729e+07 5.5648e+07 0.0000e+00 0.0000e+00 0.0000e+00 0.0000e+00 5.2729e+07 5.5648e+07
   6.2626 4.8971e+07 4.7676e+07 5.0265e+07 0.0000e+00 0.0000e+00 0.0000e+00 0.0000e+00 4.7676e+07 5.0265e+07
   6.4646 4.4320e+07 4.3168e+07 4.5473e+07 0.0000e+00 0.0000e+00 0.0000e+00 0.0000e+00 4.3168e+07 4.5473e+07
   6.6667 4.0170e+07 3.9141e+07 4.1200e+07 0.0000e+00 0.0000e+00 0.0000e+00 0.0000e+00 3.9141e+07 4.1200e+07
   6.8687 3.6458e+07 3.5536e+07 3.7381e+07 0.0000e+00 0.0000e+00 0.0000e+00 0.0000e+00 3.5536e+07 3.7381e+07
   7.0707 3.3134e+07 3.2305e+07 3.3964e+07 0.0000e+00 0.0000e+00 0.0000e+00 0.0000e+00 3.2305e+07 3.3964e+07
   7.2727 3.0155e+07 2.9407e+07 3.0902e+07 0.0000e+00 0.0000e+00 0.0000e+00 0.0000e+00 2.9407e+07 3.0902e+07
   7.4747 2.7480e+07 2.6804e+07 2.8156e+07 0.0000e+00 0.0000e+00 0.0000e+00 0.0000e+00 2.6804e+07 2.8156e+07
   7.6768 2.5076e+07 2.4464e+07 2.5688e+07 0.0000e+00 0.0000e+00 0.0000e+00 0.0000e+00 2.4464e+07 2.5688e+07
   7.8788 2.2913e+07 2.2357e+07 2.3470e+07 0.0000e+00 0.0000e+00 0.0000e+00 0.0000e+00 2.2357e+07 2.3470e+07
   8.0808 2.0965e+07 2.0458e+07 2.1472e+07 0.0000e+00 0.0000e+00 0.0000e+00 0.0000e+00 2.0458e+07 2.1472e+07
   8.2828 1.9207e+07 1.8745e+07 1.9669e+07 0.0000e+00 0.0000e+00 0.0000e+00 0.0000e+00 1.8745e+07 1.9669e+07
   8.4848 1.7619e+07 1.7196e+07 1.8042e+07 0.0000e+00 0.0000e+00 0.0000e+00 0.0000e+00 1.7196e+07 1.8042e+07
   8.6869 1.6182e+07 1.5794e+07 1.6569e+07 0.0000e+00 0.0000e+00 0.0000e+00 0.0000e+00 1.5794e+07 1.6569e+07
   8.8889 1.4880e+07 1.4524e+07 1.5236e+07 0.0000e+00 0.0000e+00 0.0000e+00 0.0000e+00 1.4524e+07 1.5236e+07
   9.0909 1.3699e+07 1.3372e+07 1.4026e+07 0.0000e+00 0.0000e+00 0.0000e+00 0.0000e+00 1.3372e+07 1.4026e+07
   9.2929 1.2626e+07 1.2325e+07 1.2928e+07 0.0000e+00 0.0000e+00 0.0000e+00 0.0000e+00 1.2325e+07 1.2928e+07
   9.4949 1.1651e+07 1.1373e+07 1.1929e+07 0.0000e+00 0.0000e+00 0.0000e+00 0.0000e+00 1.1373e+07 1.1929e+07
   9.6970 1.0763e+07 1.0506e+07 1.1020e+07 0.0000e+00 0.0000e+00 0.0000e+00 0.0000e+00 1.0506e+07 1.1020e+07
   9.8990 9.9533e+06 9.7151e+06 1.0191e+07 0.0000e+00 0.0000e+00 0.0000e+00 0.0000e+00 9.7151e+06 1.0191e+07
  10.1010 9.2144e+06 8.9936e+06 9.4352e+06 0.0000e+00 0.0000e+00 0.0000e+00 0.0000e+00 8.9936e+06 9.4352e+06
  10.3030 8.5392e+06 8.3342e+06 8.7442e+06 0.0000e+00 0.0000e+00 0.0000e+00 0.0000e+00 8.3342e+06 8.7442e+06
  10.5051 7.9216e+06 7.7310e+06 8.1122e+06 0.0000e+00 0.0000e+00 0.0000e+00 0.0000e+00 7.7310e+06 8.1122e+06
  10.7071 7.3559e+06 7.1785e+06 7.5333e+06 0.0000e+00 0.0000e+00 0.0000e+00 0.0000e+00 7.1785e+06 7.5333e+06
  10.9091 6.8373e+06 6.6720e+06 7.0026e+06 0.0000e+00 0.0000e+00 0.0000e+00 0.0000e+00 6.6720e+06 7.0026e+06
  11.1111 6.3612e+06 6.2070e+06 6.5155e+06 0.0000e+00 0.0000e+00 0.0000e+00 0.0000e+00 6.2070e+06 6.5155e+06
  11.3131 5.9238e+06 5.7798e+06 6.0680e+06 0.0000e+00 0.0000e+00 0.0000e+00 0.0000e+00 5.7798e+06 6.0680e+06
  11.5152 5.5216e+06 5.3868e+06 5.6563e+06 0.0000e+00 0.0000e+00 0.0000e+00 0.0000e+00 5.3868e+06 5.6563e+06
  11.7172 5.1512e+06 5.0251e+06 5.2774e+06 0.0000e+00 0.0000e+00 0.0000e+00 0.0000e+00 5.0251e+06 5.2774e+06
  11.9192 4.8100e+06 4.6917e+06 4.9282e+06 0.0000e+00 0.0000e+00 0.0000e+00 0.0000e+00 4.6917e+06 4.9282e+06
  12.1212 4.4951e+06 4.3842e+06 4.6060e+06 0.0000e+00 0.0000e+00 0.0000e+00 0.0000e+00 4.3842e+06 4.6060e+06
  12.3232 4.2044e+06 4.1003e+06 4.3086e+06 0.0000e+00 0.0000e+00 0.0000e+00 0.0000e+00 4.1003e+06 4.3086e+06
  12.5253 3.9358e+06 3.8379e+06 4.0336e+06 0.0000e+00 0.0000e+00 0.0000e+00 0.0000e+00 3.8379e+06 4.0336e+06
  12.7273 3.6872e+06 3.5951e+06 3.7792e+06 0.0000e+00 0.0000e+00 0.0000e+00 0.0000e+00 3.5951e+06 3.7792e+06
  12.9293 3.4570e+06 3.3703e+06 3.5436e+06 0.0000e+00 0.0000e+00 0.0000e+00 0.0000e+00 3.3703e+06 3.5436e+06
  13.1313 3.2436e+06 3.1620e+06 3.3253e+06 0.0000e+00 0.0000e+00 0.0000e+00 0.0000e+00 3.1620e+06 3.3253e+06
  13.3333 3.0457e+06 2.9688e+06 3.1227e+06 0.0000e+00 0.0000e+00 0.0000e+00 0.0000e+00 2.9688e+06 3.1227e+06
  13.5354 2.8620e+06 2.7894e+06 2.9346e+06 0.0000e+00 0.0000e+00 0.0000e+00 0.0000e+00 2.7894e+06 2.9346e+06
  13.7374 2.6913e+06 2.6227e+06 2.7599e+06 0.0000e+00 0.0000e+00 0.0000e+00 0.0000e+00 2.6227e+06 2.7599e+06
  13.9394 2.5325e+06 2.4677e+06 2.5974e+06 0.0000e+00 0.0000e+00 0.0000e+00 0.0000e+00 2.4677e+06 2.5974e+06
  14.1414 2.3848e+06 2.3235e+06 2.4461e+06 0.0000e+00 0.0000e+00 0.0000e+00 0.0000e+00 2.3235e+06 2.4461e+06
  14.3434 2.2472e+06 2.1891e+06 2.3052e+06 0.0000e+00 0.0000e+00 0.0000e+00 0.0000e+00 2.1891e+06 2.3052e+06
  14.5455 2.1189e+06 2.0640e+06 2.1739e+06 0.0000e+00 0.0000e+00 0.0000e+00 0.0000e+00 2.0640e+06 2.1739e+06
  14.7475 1.9993e+06 1.9472e+06 2.0514e+06 0.0000e+00 0.0000e+00 0.0000e+00 0.0000e+00 1.9472e+06 2.0514e+06
  14.9495 1.8876e+06 1.8382e+06 1.9370e+06 0.0000e+00 0.0000e+00 0.0000e+00 0.0000e+00 1.8382e+06 1.9370e+06
  15.1515 1.7832e+06 1.7363e+06 1.8301e+06 0.0000e+00 0.0000e+00 0.0000e+00 0.0000e+00 1.7363e+06 1.8301e+06
  15.3535 1.6856e+06 1.6411e+06 1.7302e+06 0.0000e+00 0.0000e+00 0.0000e+00 0.0000e+00 1.6411e+06 1.7302e+06
  15.5556 1.5944e+06 1.5521e+06 1.6366e+06 0.0000e+00 0.0000e+00 0.0000e+00 0.0000e+00 1.5521e+06 1.6366e+06
  15.7576 1.5089e+06 1.4687e+06 1.5491e+06 0.0000e+00 0.0000e+00 0.0000e+00 0.0000e+00 1.4687e+06 1.5491e+06
  15.9596 1.4288e+06 1.3906e+06 1.4670e+06 0.0000e+00 0.0000e+00 0.0000e+00 0.0000e+00 1.3906e+06 1.4670e+06
  16.1616 1.3538e+06 1.3174e+06 1.3901e+06 0.0000e+00 0.0000e+00 0.0000e+00 0.0000e+00 1.3174e+06 1.3901e+06
  16.3636 1.2834e+06 1.2487e+06 1.3180e+06 0.0000e+00 0.0000e+00 0.0000e+00 0.0000e+00 1.2487e+06 1.3180e+06
  16.5657 1.2172e+06 1.1843e+06 1.2502e+06 0.0000e+00 0.0000e+00 0.0000e+00 0.0000e+00 1.1843e+06 1.2502e+06
  16.7677 1.1552e+06 1.1237e+06 1.1866e+06 0.0000e+00 0.0000e+00 0.0000e+00 0.0000e+00 1.1237e+06 1.1866e+06
  16.9697 1.0968e+06 1.0668e+06 1.1268e+06 0.0000e+00 0.0000e+00 0.0000e+00 0.0000e+00 1.0668e+06 1.1268e+06
  17.1717 1.0420e+06 1.0134e+06 1.0706e+06 0.0000e+00 0.0000e+00 0.0000e+00 0.0000e+00 1.0134e+06 1.0706e+06
  17.3737 9.9035e+05 9.6304e+05 1.0177e+06 0.0000e+00 0.0000e+00 0.0000e+00 0.0000e+00 9.6304e+05 1.0177e+06
  17.5758 9.4176e+05 9.1568e+05 9.6784e+05 0.0000e+00 0.0000e+00 0.0000e+00 0.0000e+00 9.1568e+05 9.6784e+05
  17.7778 8.9598e+05 8.7106e+05 9.2090e+05 0.0000e+00 0.0000e+00 0.0000e+00 0.0000e+00 8.7106e+05 9.2090e+05
  17.9798 8.5283e+05 8.2901e+05 8.7665e+05 0.0000e+00 0.0000e+00 0.0000e+00 0.0000e+00 8.2901e+05 8.7665e+05
  18.1818 8.1214e+05 7.8936e+05 8.3491e+05 0.0000e+00 0.0000e+00 0.0000e+00 0.0000e+00 7.8936e+05 8.3491e+05
  18.3838 7.7374e+05 7.5195e+05 7.9552e+05 0.0000e+00 0.0000e+00 0.0000e+00 0.0000e+00 7.5195e+05 7.9552e+05
  18.5859 7.3748e+05 7.1663e+05 7.5833e+05 0.0000e+00 0.0000e+00 0.0000e+00 0.0000e+00 7.1663e+05 7.5833e+05
  18.7879 7.0323e+05 6.8327e+05 7.2320e+05 0.0000e+00 0.0000e+00 0.0000e+00 0.0000e+00 6.8327e+05 7.2320e+05
  18.9899 6.7086e+05 6.5174e+05 6.8998e+05 0.0000e+00 0.0000e+00 0.0000e+00 0.0000e+00 6.5174e+05 6.8998e+05
  19.1919 6.4026e+05 6.2194e+05 6.5858e+05 0.0000e+00 0.0000e+00 0.0000e+00 0.0000e+00 6.2194e+05 6.5858e+05
  19.3939 6.1130e+05 5.9374e+05 6.2886e+05 0.0000e+00 0.0000e+00 0.0000e+00 0.0000e+00 5.9374e+05 6.2886e+05
  19.5960 5.8390e+05 5.6706e+05 6.0074e+05 0.0000e+00 0.0000e+00 0.0000e+00 0.0000e+00 5.6706e+05 6.0074e+05
  19.7980 5.5794e+05 5.4179e+05 5.7410e+05 0.0000e+00 0.0000e+00 0.0000e+00 0.0000e+00 5.4179e+05 5.7410e+05
  20.0000 5.3335e+05 5.1785e+05 5.4886e+05 0.0000e+00 0.0000e+00 0.0000e+00 0.0000e+00 5.1785e+05 5.4886e+05