# Job started on: Wed Aug 30 11:53:35 CEST 2023 ....
# FONLL heavy quark hadroproduction cross section, calculated on Wed Aug 30 11:54:06 CEST 2023
# FONLL version and perturbative order: ## FONLL v1.4.0 fonll [ds/dpt^2dy (pb/GeV^2)]
# quark = charm
# final state = quark
# ebeam1 = 2515, ebeam2 = 2515
# PDF set = NNPDF30_nlo_as_0118
# ptmin = 0
# ptmax = 20
# ymin  = -1
# ymax  = 1
# Uncertainties from PDFs combined quadratically
# cross section is ds/dpt (pb/GeV)
# pt      central      min       max       min_sc     max_sc     min_mass   max_mass     min_pdf    max_pdf
   0.0000 0.0000e+00 0.0000e+00 0.0000e+00 0.0000e+00 0.0000e+00 0.0000e+00 0.0000e+00 0.0000e+00 0.0000e+00
   0.2020 3.5625e+07 2.3686e+07 4.7563e+07 0.0000e+00 0.0000e+00 0.0000e+00 0.0000e+00 2.3686e+07 4.7563e+07
   0.4040 6.9054e+07 4.7880e+07 9.0227e+07 0.0000e+00 0.0000e+00 0.0000e+00 0.0000e+00 4.7880e+07 9.0227e+07
   0.6061 1.0291e+08 7.5791e+07 1.3003e+08 0.0000e+00 0.0000e+00 0.0000e+00 0.0000e+00 7.5791e+07 1.3003e+08
   0.8081 1.3805e+08 1.0790e+08 1.6820e+08 0.0000e+00 0.0000e+00 0.0000e+00 0.0000e+00 1.0790e+08 1.6820e+08
   1.0101 1.7445e+08 1.4387e+08 2.0503e+08 0.0000e+00 0.0000e+00 0.0000e+00 0.0000e+00 1.4387e+08 2.0503e+08
   1.2121 2.0695e+08 1.7799e+08 2.3590e+08 0.0000e+00 0.0000e+00 0.0000e+00 0.0000e+00 1.7799e+08 2.3590e+08
   1.4141 2.3073e+08 2.0476e+08 2.5670e+08 0.0000e+00 0.0000e+00 0.0000e+00 0.0000e+00 2.0476e+08 2.5670e+08
   1.6162 2.4334e+08 2.2097e+08 2.6573e+08 0.0000e+00 0.0000e+00 0.0000e+00 0.0000e+00 2.2097e+08 2.6573e+08
   1.8182 2.4518e+08 2.2644e+08 2.6392e+08 0.0000e+00 0.0000e+00 0.0000e+00 0.0000e+00 2.2644e+08 2.6392e+08
   2.0202 2.3813e+08 2.2271e+08 2.5354e+08 0.0000e+00 0.0000e+00 0.0000e+00 0.0000e+00 2.2271e+08 2.5354e+08
   2.2222 2.2502e+08 2.1245e+08 2.3759e+08 0.0000e+00 0.0000e+00 0.0000e+00 0.0000e+00 2.1245e+08 2.3759e+08
   2.4242 2.0834e+08 1.9813e+08 2.1856e+08 0.0000e+00 0.0000e+00 0.0000e+00 0.0000e+00 1.9813e+08 2.1856e+08
   2.6263 1.8998e+08 1.8168e+08 1.9828e+08 0.0000e+00 0.0000e+00 0.0000e+00 0.0000e+00 1.8168e+08 1.9828e+08
   2.8283 1.7137e+08 1.6459e+08 1.7815e+08 0.0000e+00 0.0000e+00 0.0000e+00 0.0000e+00 1.6459e+08 1.7815e+08
   3.0303 1.5342e+08 1.4785e+08 1.5898e+08 0.0000e+00 0.0000e+00 0.0000e+00 0.0000e+00 1.4785e+08 1.5898e+08
   3.2323 1.3662e+08 1.3203e+08 1.4122e+08 0.0000e+00 0.0000e+00 0.0000e+00 0.0000e+00 1.3203e+08 1.4122e+08
   3.4343 1.2125e+08 1.1742e+08 1.2507e+08 0.0000e+00 0.0000e+00 0.0000e+00 0.0000e+00 1.1742e+08 1.2507e+08
   3.6364 1.0732e+08 1.0412e+08 1.1052e+08 0.0000e+00 0.0000e+00 0.0000e+00 0.0000e+00 1.0412e+08 1.1052e+08
   3.8384 9.4803e+07 9.2101e+07 9.7506e+07 0.0000e+00 0.0000e+00 0.0000e+00 0.0000e+00 9.2101e+07 9.7506e+07
   4.0404 8.3633e+07 8.1342e+07 8.5923e+07 0.0000e+00 0.0000e+00 0.0000e+00 0.0000e+00 8.1342e+07 8.5923e+07
   4.2424 7.3730e+07 7.1779e+07 7.5682e+07 0.0000e+00 0.0000e+00 0.0000e+00 0.0000e+00 7.1779e+07 7.5682e+07
   4.4444 6.4990e+07 6.3317e+07 6.6664e+07 0.0000e+00 0.0000e+00 0.0000e+00 0.0000e+00 6.3317e+07 6.6664e+07
   4.6465 5.7350e+07 5.5907e+07 5.8792e+07 0.0000e+00 0.0000e+00 0.0000e+00 0.0000e+00 5.5907e+07 5.8792e+07
   4.8485 5.0705e+07 4.9454e+07 5.1955e+07 0.0000e+00 0.0000e+00 0.0000e+00 0.0000e+00 4.9454e+07 5.1955e+07
   5.0505 4.4910e+07 4.3822e+07 4.5999e+07 0.0000e+00 0.0000e+00 0.0000e+00 0.0000e+00 4.3822e+07 4.5999e+07
   5.2525 3.9843e+07 3.8891e+07 4.0796e+07 0.0000e+00 0.0000e+00 0.0000e+00 0.0000e+00 3.8891e+07 4.0796e+07
   5.4545 3.5401e+07 3.4565e+07 3.6238e+07 0.0000e+00 0.0000e+00 0.0000e+00 0.0000e+00 3.4565e+07 3.6238e+07
   5.6566 3.1508e+07 3.0770e+07 3.2246e+07 0.0000e+00 0.0000e+00 0.0000e+00 0.0000e+00 3.0770e+07 3.2246e+07
   5.8586 2.8094e+07 2.7440e+07 2.8747e+07 0.0000e+00 0.0000e+00 0.0000e+00 0.0000e+00 2.7440e+07 2.8747e+07
   6.0606 2.5094e+07 2.4514e+07 2.5674e+07 0.0000e+00 0.0000e+00 0.0000e+00 0.0000e+00 2.4514e+07 2.5674e+07
   6.2626 2.2455e+07 2.1938e+07 2.2972e+07 0.0000e+00 0.0000e+00 0.0000e+00 0.0000e+00 2.1938e+07 2.2972e+07
   6.4646 2.0129e+07 1.9667e+07 2.0591e+07 0.0000e+00 0.0000e+00 0.0000e+00 0.0000e+00 1.9667e+07 2.0591e+07
   6.6667 1.8076e+07 1.7662e+07 1.8490e+07 0.0000e+00 0.0000e+00 0.0000e+00 0.0000e+00 1.7662e+07 1.8490e+07
   6.8687 1.6259e+07 1.5887e+07 1.6631e+07 0.0000e+00 0.0000e+00 0.0000e+00 0.0000e+00 1.5887e+07 1.6631e+07
   7.0707 1.4648e+07 1.4313e+07 1.4983e+07 0.0000e+00 0.0000e+00 0.0000e+00 0.0000e+00 1.4313e+07 1.4983e+07
   7.2727 1.3218e+07 1.2916e+07 1.3521e+07 0.0000e+00 0.0000e+00 0.0000e+00 0.0000e+00 1.2916e+07 1.3521e+07
   7.4747 1.1946e+07 1.1672e+07 1.2220e+07 0.0000e+00 0.0000e+00 0.0000e+00 0.0000e+00 1.1672e+07 1.2220e+07
   7.6768 1.0814e+07 1.0565e+07 1.1062e+07 0.0000e+00 0.0000e+00 0.0000e+00 0.0000e+00 1.0565e+07 1.1062e+07
   7.8788 9.8033e+06 9.5776e+06 1.0029e+07 0.0000e+00 0.0000e+00 0.0000e+00 0.0000e+00 9.5776e+06 1.0029e+07
   8.0808 8.9010e+06 8.6956e+06 9.1064e+06 0.0000e+00 0.0000e+00 0.0000e+00 0.0000e+00 8.6956e+06 9.1064e+06
   8.2828 8.0938e+06 7.9064e+06 8.2812e+06 0.0000e+00 0.0000e+00 0.0000e+00 0.0000e+00 7.9064e+06 8.2812e+06
   8.4848 7.3703e+06 7.1990e+06 7.5415e+06 0.0000e+00 0.0000e+00 0.0000e+00 0.0000e+00 7.1990e+06 7.5415e+06
   8.6869 6.7208e+06 6.5641e+06 6.8775e+06 0.0000e+00 0.0000e+00 0.0000e+00 0.0000e+00 6.5641e+06 6.8775e+06
   8.8889 6.1368e+06 5.9932e+06 6.2805e+06 0.0000e+00 0.0000e+00 0.0000e+00 0.0000e+00 5.9932e+06 6.2805e+06
   9.0909 5.6111e+06 5.4791e+06 5.7430e+06 0.0000e+00 0.0000e+00 0.0000e+00 0.0000e+00 5.4791e+06 5.7430e+06
   9.2929 5.1369e+06 5.0156e+06 5.2583e+06 0.0000e+00 0.0000e+00 0.0000e+00 0.0000e+00 5.0156e+06 5.2583e+06
   9.4949 4.7088e+06 4.5971e+06 4.8206e+06 0.0000e+00 0.0000e+00 0.0000e+00 0.0000e+00 4.5971e+06 4.8206e+06
   9.6970 4.3217e+06 4.2187e+06 4.4248e+06 0.0000e+00 0.0000e+00 0.0000e+00 0.0000e+00 4.2187e+06 4.4248e+06
   9.8990 3.9712e+06 3.8761e+06 4.0664e+06 0.0000e+00 0.0000e+00 0.0000e+00 0.0000e+00 3.8761e+06 4.0664e+06
  10.1010 3.6535e+06 3.5655e+06 3.7415e+06 0.0000e+00 0.0000e+00 0.0000e+00 0.0000e+00 3.5655e+06 3.7415e+06
  10.3030 3.3651e+06 3.2837e+06 3.4466e+06 0.0000e+00 0.0000e+00 0.0000e+00 0.0000e+00 3.2837e+06 3.4466e+06
  10.5051 3.1029e+06 3.0275e+06 3.1784e+06 0.0000e+00 0.0000e+00 0.0000e+00 0.0000e+00 3.0275e+06 3.1784e+06
  10.7071 2.8643e+06 2.7943e+06 2.9344e+06 0.0000e+00 0.0000e+00 0.0000e+00 0.0000e+00 2.7943e+06 2.9344e+06
  10.9091 2.6469e+06 2.5818e+06 2.7119e+06 0.0000e+00 0.0000e+00 0.0000e+00 0.0000e+00 2.5818e+06 2.7119e+06
  11.1111 2.4485e+06 2.3880e+06 2.5090e+06 0.0000e+00 0.0000e+00 0.0000e+00 0.0000e+00 2.3880e+06 2.5090e+06
  11.3131 2.2672e+06 2.2109e+06 2.3236e+06 0.0000e+00 0.0000e+00 0.0000e+00 0.0000e+00 2.2109e+06 2.3236e+06
  11.5152 2.1015e+06 2.0490e+06 2.1540e+06 0.0000e+00 0.0000e+00 0.0000e+00 0.0000e+00 2.0490e+06 2.1540e+06
  11.7172 1.9497e+06 1.9008e+06 1.9987e+06 0.0000e+00 0.0000e+00 0.0000e+00 0.0000e+00 1.9008e+06 1.9987e+06
  11.9192 1.8106e+06 1.7649e+06 1.8564e+06 0.0000e+00 0.0000e+00 0.0000e+00 0.0000e+00 1.7649e+06 1.8564e+06
  12.1212 1.6831e+06 1.6403e+06 1.7258e+06 0.0000e+00 0.0000e+00 0.0000e+00 0.0000e+00 1.6403e+06 1.7258e+06
  12.3232 1.5659e+06 1.5260e+06 1.6059e+06 0.0000e+00 0.0000e+00 0.0000e+00 0.0000e+00 1.5260e+06 1.6059e+06
  12.5253 1.4582e+06 1.4208e+06 1.4957e+06 0.0000e+00 0.0000e+00 0.0000e+00 0.0000e+00 1.4208e+06 1.4957e+06
  12.7273 1.3592e+06 1.3241e+06 1.3942e+06 0.0000e+00 0.0000e+00 0.0000e+00 0.0000e+00 1.3241e+06 1.3942e+06
  12.9293 1.2679e+06 1.2350e+06 1.3007e+06 0.0000e+00 0.0000e+00 0.0000e+00 0.0000e+00 1.2350e+06 1.3007e+06
  13.1313 1.1837e+06 1.1528e+06 1.2146e+06 0.0000e+00 0.0000e+00 0.0000e+00 0.0000e+00 1.1528e+06 1.2146e+06
  13.3333 1.1060e+06 1.0770e+06 1.1350e+06 0.0000e+00 0.0000e+00 0.0000e+00 0.0000e+00 1.0770e+06 1.1350e+06
  13.5354 1.0342e+06 1.0070e+06 1.0615e+06 0.0000e+00 0.0000e+00 0.0000e+00 0.0000e+00 1.0070e+06 1.0615e+06
  13.7374 9.6786e+05 9.4224e+05 9.9347e+05 0.0000e+00 0.0000e+00 0.0000e+00 0.0000e+00 9.4224e+05 9.9347e+05
  13.9394 9.0642e+05 8.8231e+05 9.3054e+05 0.0000e+00 0.0000e+00 0.0000e+00 0.0000e+00 8.8231e+05 9.3054e+05
  14.1414 8.4952e+05 8.2680e+05 8.7223e+05 0.0000e+00 0.0000e+00 0.0000e+00 0.0000e+00 8.2680e+05 8.7223e+05
  14.3434 7.9675e+05 7.7534e+05 8.1817e+05 0.0000e+00 0.0000e+00 0.0000e+00 0.0000e+00 7.7534e+05 8.1817e+05
  14.5455 7.4780e+05 7.2759e+05 7.6800e+05 0.0000e+00 0.0000e+00 0.0000e+00 0.0000e+00 7.2759e+05 7.6800e+05
  14.7475 7.0235e+05 6.8327e+05 7.2142e+05 0.0000e+00 0.0000e+00 0.0000e+00 0.0000e+00 6.8327e+05 7.2142e+05
  14.9495 6.6012e+05 6.4210e+05 6.7814e+05 0.0000e+00 0.0000e+00 0.0000e+00 0.0000e+00 6.4210e+05 6.7814e+05
  15.1515 6.2086e+05 6.0382e+05 6.3788e+05 0.0000e+00 0.0000e+00 0.0000e+00 0.0000e+00 6.0382e+05 6.3788e+05
  15.3535 5.8431e+05 5.6820e+05 6.0041e+05 0.0000e+00 0.0000e+00 0.0000e+00 0.0000e+00 5.6820e+05 6.0041e+05
  15.5556 5.5028e+05 5.3503e+05 5.6551e+05 0.0000e+00 0.0000e+00 0.0000e+00 0.0000e+00 5.3503e+05 5.6551e+05
  15.7576 5.1855e+05 5.0411e+05 5.3297e+05 0.0000e+00 0.0000e+00 0.0000e+00 0.0000e+00 5.0411e+05 5.3297e+05
  15.9596 4.8895e+05 4.7528e+05 5.0261e+05 0.0000e+00 0.0000e+00 0.0000e+00 0.0000e+00 4.7528e+05 5.0261e+05
  16.1616 4.6132e+05 4.4836e+05 4.7427e+05 0.0000e+00 0.0000e+00 0.0000e+00 0.0000e+00 4.4836e+05 4.7427e+05
  16.3636 4.3551e+05 4.2322e+05 4.4778e+05 0.0000e+00 0.0000e+00 0.0000e+00 0.0000e+00 4.2322e+05 4.4778e+05
  16.5657 4.1138e+05 3.9972e+05 4.2302e+05 0.0000e+00 0.0000e+00 0.0000e+00 0.0000e+00 3.9972e+05 4.2302e+05
  16.7677 3.8880e+05 3.7774e+05 3.9985e+05 0.0000e+00 0.0000e+00 0.0000e+00 0.0000e+00 3.7774e+05 3.9985e+05
  16.9697 3.6766e+05 3.5716e+05 3.7816e+05 0.0000e+00 0.0000e+00 0.0000e+00 0.0000e+00 3.5716e+05 3.7816e+05
  17.1717 3.4786e+05 3.3788e+05 3.5783e+05 0.0000e+00 0.0000e+00 0.0000e+00 0.0000e+00 3.3788e+05 3.5783e+05
  17.3737 3.2930e+05 3.1982e+05 3.3878e+05 0.0000e+00 0.0000e+00 0.0000e+00 0.0000e+00 3.1982e+05 3.3878e+05
  17.5758 3.1189e+05 3.0287e+05 3.2090e+05 0.0000e+00 0.0000e+00 0.0000e+00 0.0000e+00 3.0287e+05 3.2090e+05
  17.7778 2.9555e+05 2.8698e+05 3.0413e+05 0.0000e+00 0.0000e+00 0.0000e+00 0.0000e+00 2.8698e+05 3.0413e+05
  17.9798 2.8021e+05 2.7205e+05 2.8838e+05 0.0000e+00 0.0000e+00 0.0000e+00 0.0000e+00 2.7205e+05 2.8838e+05
  18.1818 2.6580e+05 2.5804e+05 2.7358e+05 0.0000e+00 0.0000e+00 0.0000e+00 0.0000e+00 2.5804e+05 2.7358e+05
  18.3838 2.5226e+05 2.4486e+05 2.5967e+05 0.0000e+00 0.0000e+00 0.0000e+00 0.0000e+00 2.4486e+05 2.5967e+05
  18.5859 2.3952e+05 2.3247e+05 2.4658e+05 0.0000e+00 0.0000e+00 0.0000e+00 0.0000e+00 2.3247e+05 2.4658e+05
  18.7879 2.2754e+05 2.2081e+05 2.3427e+05 0.0000e+00 0.0000e+00 0.0000e+00 0.0000e+00 2.2081e+05 2.3427e+05
  18.9899 2.1625e+05 2.0984e+05 2.2268e+05 0.0000e+00 0.0000e+00 0.0000e+00 0.0000e+00 2.0984e+05 2.2268e+05
  19.1919 2.0562e+05 1.9950e+05 2.1175e+05 0.0000e+00 0.0000e+00 0.0000e+00 0.0000e+00 1.9950e+05 2.1175e+05
  19.3939 1.9560e+05 1.8976e+05 2.0145e+05 0.0000e+00 0.0000e+00 0.0000e+00 0.0000e+00 1.8976e+05 2.0145e+05
  19.5960 1.8615e+05 1.8057e+05 1.9174e+05 0.0000e+00 0.0000e+00 0.0000e+00 0.0000e+00 1.8057e+05 1.9174e+05
  19.7980 1.7723e+05 1.7190e+05 1.8257e+05 0.0000e+00 0.0000e+00 0.0000e+00 0.0000e+00 1.7190e+05 1.8257e+05
  20.0000 1.6881e+05 1.6371e+05 1.7392e+05 0.0000e+00 0.0000e+00 0.0000e+00 0.0000e+00 1.6371e+05 1.7392e+05